/home/joseph/anaconda3/envs/py38/bin/python /home/joseph/Nextcloud/Code/pythonProject/main.py
number of movies: 5
total users: 6040
              precision    recall  f1-score   support

           F       0.54      0.27      0.36       309
           M       0.79      0.92      0.85       899

    accuracy                           0.75      1208
   macro avg       0.66      0.60      0.60      1208
weighted avg       0.72      0.75      0.72      1208

              precision    recall  f1-score   support

           1       0.00      0.00      0.00        31
          18       0.00      0.00      0.00       186
          25       0.38      1.00      0.55       461
          35       0.00      0.00      0.00       246
          45       0.00      0.00      0.00       118
          50       0.00      0.00      0.00       101
          56       0.00      0.00      0.00        65

    accuracy                           0.38      1208
   macro avg       0.05      0.14      0.08      1208
weighted avg       0.15      0.38      0.21      1208

              precision    recall  f1-score   support

           0       0.00      0.00      0.00       148
           1       0.14      0.02      0.04        93
           2       0.00      0.00      0.00        46
           3       0.00      0.00      0.00        36
           4       0.11      0.99      0.21       138
           5       0.00      0.00      0.00        29
           6       0.00      0.00      0.00        59
           7       0.20      0.01      0.01       149
           8       0.00      0.00      0.00         2
           9       0.00      0.00      0.00        22
          10       0.00      0.00      0.00        23
          11       0.00      0.00      0.00        20
          12       0.00      0.00      0.00        61
          13       0.00      0.00      0.00        25
          14       0.00      0.00      0.00        80
          15       0.00      0.00      0.00        35
          16       0.00      0.00      0.00        54
          17       0.00      0.00      0.00       113
          18       0.00      0.00      0.00        28
          19       0.00      0.00      0.00         8
          20       0.00      0.00      0.00        39

    accuracy                           0.12      1208
   macro avg       0.02      0.05      0.01      1208
weighted avg       0.05      0.12      0.03      1208




number of movies: 8
total users: 6040

              precision    recall  f1-score   support

           F       0.57      0.38      0.46       309
           M       0.81      0.90      0.85       899

    accuracy                           0.77      1208
   macro avg       0.69      0.64      0.65      1208
weighted avg       0.75      0.77      0.75      1208

              precision    recall  f1-score   support

           1       0.00      0.00      0.00        31
          18       0.00      0.00      0.00       186
          25       0.38      1.00      0.55       461
          35       0.00      0.00      0.00       246
          45       0.00      0.00      0.00       118
          50       0.00      0.00      0.00       101
          56       0.00      0.00      0.00        65

    accuracy                           0.38      1208
   macro avg       0.05      0.14      0.08      1208
weighted avg       0.15      0.38      0.21      1208

              precision    recall  f1-score   support

           0       0.00      0.00      0.00       148
           1       0.17      0.02      0.04        93
           2       0.00      0.00      0.00        46
           3       0.00      0.00      0.00        36
           4       0.12      0.99      0.21       138
           5       0.00      0.00      0.00        29
           6       0.00      0.00      0.00        59
           7       0.00      0.00      0.00       149
           8       0.00      0.00      0.00         2
           9       0.00      0.00      0.00        22
          10       0.00      0.00      0.00        23
          11       0.00      0.00      0.00        20
          12       0.00      0.00      0.00        61
          13       0.00      0.00      0.00        25
          14       0.00      0.00      0.00        80
          15       0.00      0.00      0.00        35
          16       0.00      0.00      0.00        54
          17       0.00      0.00      0.00       113
          18       0.00      0.00      0.00        28
          19       0.00      0.00      0.00         8
          20       0.00      0.00      0.00        39

    accuracy                           0.12      1208
   macro avg       0.01      0.05      0.01      1208
weighted avg       0.03      0.12      0.03      1208




number of movies: 11
total users: 6040
              precision    recall  f1-score   support

           F       0.57      0.41      0.48       309
           M       0.82      0.89      0.85       899

    accuracy                           0.77      1208
   macro avg       0.69      0.65      0.67      1208
weighted avg       0.75      0.77      0.76      1208

              precision    recall  f1-score   support

           1       0.00      0.00      0.00        31
          18       0.00      0.00      0.00       186
          25       0.38      1.00      0.55       461
          35       0.00      0.00      0.00       246
          45       0.00      0.00      0.00       118
          50       1.00      0.01      0.02       101
          56       0.00      0.00      0.00        65

    accuracy                           0.38      1208
   macro avg       0.20      0.14      0.08      1208
weighted avg       0.23      0.38      0.21      1208

              precision    recall  f1-score   support

           0       0.00      0.00      0.00       148
           1       0.12      0.01      0.02        93
           2       0.00      0.00      0.00        46
           3       0.00      0.00      0.00        36
           4       0.12      1.00      0.21       138
           5       0.00      0.00      0.00        29
           6       0.00      0.00      0.00        59
           7       0.00      0.00      0.00       149
           8       0.00      0.00      0.00         2
           9       0.00      0.00      0.00        22
          10       0.00      0.00      0.00        23
          11       0.00      0.00      0.00        20
          12       0.00      0.00      0.00        61
          13       0.00      0.00      0.00        25
          14       0.00      0.00      0.00        80
          15       0.00      0.00      0.00        35
          16       0.00      0.00      0.00        54
          17       0.00      0.00      0.00       113
          18       0.00      0.00      0.00        28
          19       0.00      0.00      0.00         8
          20       0.00      0.00      0.00        39

    accuracy                           0.12      1208
   macro avg       0.01      0.05      0.01      1208
weighted avg       0.02      0.12      0.03      1208




number of movies: 14
total users: 6040

              precision    recall  f1-score   support

           F       0.61      0.42      0.50       323
           M       0.81      0.90      0.85       885

    accuracy                           0.77      1208
   macro avg       0.71      0.66      0.67      1208
weighted avg       0.76      0.77      0.76      1208

              precision    recall  f1-score   support

           1       0.00      0.00      0.00        22
          18       0.00      0.00      0.00       227
          25       0.37      1.00      0.54       451
          35       0.00      0.00      0.00       255
          45       0.00      0.00      0.00       102
          50       0.00      0.00      0.00        80
          56       0.00      0.00      0.00        71

    accuracy                           0.37      1208
   macro avg       0.05      0.14      0.08      1208
weighted avg       0.14      0.37      0.20      1208

              precision    recall  f1-score   support

           0       0.00      0.00      0.00       126
           1       0.11      0.05      0.07        82
           2       0.00      0.00      0.00        50
           3       0.00      0.00      0.00        30
           4       0.16      0.99      0.28       189
           5       0.00      0.00      0.00        27
           6       0.00      0.00      0.00        41
           7       0.17      0.01      0.01       154
           8       0.00      0.00      0.00         3
           9       0.00      0.00      0.00        17
          10       0.00      0.00      0.00        15
          11       0.00      0.00      0.00        29
          12       0.00      0.00      0.00        86
          13       0.00      0.00      0.00        33
          14       0.00      0.00      0.00        67
          15       0.00      0.00      0.00        35
          16       0.00      0.00      0.00        38
          17       0.00      0.00      0.00       104
          18       0.00      0.00      0.00        16
          19       0.00      0.00      0.00         9
          20       0.00      0.00      0.00        57

    accuracy                           0.16      1208
   macro avg       0.02      0.05      0.02      1208
weighted avg       0.05      0.16      0.05      1208




number of movies: 17
total users: 6040
              precision    recall  f1-score   support

           F       0.62      0.46      0.53       323
           M       0.82      0.89      0.86       885

    accuracy                           0.78      1208
   macro avg       0.72      0.68      0.69      1208
weighted avg       0.77      0.78      0.77      1208

              precision    recall  f1-score   support

           1       0.00      0.00      0.00        22
          18       0.00      0.00      0.00       227
          25       0.37      1.00      0.54       451
          35       0.00      0.00      0.00       255
          45       0.00      0.00      0.00       102
          50       0.00      0.00      0.00        80
          56       0.00      0.00      0.00        71

    accuracy                           0.37      1208
   macro avg       0.05      0.14      0.08      1208
weighted avg       0.14      0.37      0.20      1208

              precision    recall  f1-score   support

           0       0.00      0.00      0.00       126
           1       0.21      0.05      0.08        82
           2       0.00      0.00      0.00        50
           3       0.00      0.00      0.00        30
           4       0.16      0.99      0.27       189
           5       0.00      0.00      0.00        27
           6       0.00      0.00      0.00        41
           7       0.11      0.01      0.01       154
           8       0.00      0.00      0.00         3
           9       0.00      0.00      0.00        17
          10       0.00      0.00      0.00        15
          11       0.00      0.00      0.00        29
          12       0.00      0.00      0.00        86
          13       0.00      0.00      0.00        33
          14       0.00      0.00      0.00        67
          15       0.00      0.00      0.00        35
          16       0.00      0.00      0.00        38
          17       0.00      0.00      0.00       104
          18       0.00      0.00      0.00        16
          19       0.00      0.00      0.00         9
          20       0.00      0.00      0.00        57

    accuracy                           0.16      1208
   macro avg       0.02      0.05      0.02      1208
weighted avg       0.05      0.16      0.05      1208




number of movies: 20
total users: 6040
              precision    recall  f1-score   support

           F       0.59      0.53      0.56       309
           M       0.84      0.87      0.86       899

    accuracy                           0.78      1208
   macro avg       0.72      0.70      0.71      1208
weighted avg       0.78      0.78      0.78      1208

              precision    recall  f1-score   support

           1       0.00      0.00      0.00        31
          18       1.00      0.01      0.01       186
          25       0.38      1.00      0.55       461
          35       0.00      0.00      0.00       246
          45       0.00      0.00      0.00       118
          50       1.00      0.01      0.02       101
          56       0.00      0.00      0.00        65

    accuracy                           0.38      1208
   macro avg       0.34      0.15      0.08      1208
weighted avg       0.38      0.38      0.21      1208

              precision    recall  f1-score   support
           0       0.00      0.00      0.00       148
           1       0.00      0.00      0.00        93
           2       0.00      0.00      0.00        46
           3       0.00      0.00      0.00        36
           4       0.11      1.00      0.21       138
           5       0.00      0.00      0.00        29
           6       0.00      0.00      0.00        59
           7       0.00      0.00      0.00       149
           8       0.00      0.00      0.00         2
           9       0.00      0.00      0.00        22
          10       0.00      0.00      0.00        23
          11       0.00      0.00      0.00        20
          12       0.00      0.00      0.00        61
          13       0.00      0.00      0.00        25
          14       0.00      0.00      0.00        80
          15       0.00      0.00      0.00        35
          16       0.00      0.00      0.00        54
          17       0.00      0.00      0.00       113
          18       0.00      0.00      0.00        28
          19       0.00      0.00      0.00         8
          20       0.00      0.00      0.00        39

    accuracy                           0.11      1208
   macro avg       0.01      0.05      0.01      1208
weighted avg       0.01      0.11      0.02      1208
